1 0.34 0.75 1.5
2 0.28 0.41 1.5
3 0.32 0.07 1.5
4 0.62 -0.01 1.5
5 2.54 -0.05 1.5
6 2.86 0.05 1.5
7 2.9 0.61 1.5
8 2.86 4.57 1.5
9 2.86 5.11 1.5
10 2.16 5.59 1.5
11 2.16 5.96 1.5
12 2.2 6.59 1.5
13 2.04 7.09 1.5
14 2.08 7.41 1.5
15 2.06 8.09 1.5
16 1.66 8.19 1.5
17 1.14 8.11 1.5
18 1.16 7.47 1.5
19 1.16 7.13 1.5
20 1.08 6.75 1.5
21 1.02 6.03 1.5
22 1.08 5.75 1.5
23 1.06 5.57 1.5
24 0.36 5.15 1.5
25 0.3 4.65 1.5
26 0.34 0.75 0.85
27 0.28 0.41 0.85
28 0.32 0.07 0.85
29 0.62 -0.01 0.85
30 2.54 -0.05 0.85
31 2.86 0.05 0.85
32 2.9 0.61 0.85
33 2.86 4.57 0.85
34 2.86 5.11 0.85
35 2.16 5.59 0.85
36 2.16 5.95 0.85
37 2.2 6.59 0.85
38 2.04 7.09 0.85
39 2.08 7.41 0.85
40 2.06 8.09 0.85
41 1.66 8.19 0.85
42 1.14 8.11 0.85
43 1.16 7.47 0.85
44 1.16 7.13 0.85
45 1.08 6.75 0.85
46 1.02 6.03 0.85
47 1.08 5.75 0.85
48 1.06 5.57 0.85
49 0.36 5.15 0.85
50 0.3 4.65 0.85
Faces:
26 27 28 29 30 31 32 33 34 35 36 37 38 39 40 41 42 43 44 45 46 47 48 49 50.
50 49 48 47 46 45 44 43 42 41 40 39 38 37 36 35 34 33 32 31 30 29 28 27 26.
1 26 27 2.
2 27 28 3.
3 28 29 4.
4 29 30 5.
5 30 31 6.
6 31 32 7.
7 32 33 8.
8 33 34 9.
9 34 35 10.
10 35 36 11.
11 36 37 12.
12 37 38 13.
13 38 39 14.
14 39 40 15.
15 40  41 16.
16 41 42 17.
17 42 43 18.
18 43 44 19.
19 44 45 20.
20 45 46 21.
21 46 47 22.
22 47 48 23.
23 48 49 24.
24 49 50 25.
25 50 26 1.
1 2 3 4 5 6 7 8 9 10 11 12 13 14 15 16 17 18 19 20 21 22 23 24 25.