1 0.47 2.15 0
2 0.95 1.55 0
3 1.42 1.32 0
4 1.99 1.2 0
5 2.28 0.7 0
6 2.61 0.54 0
7 2.53 0.77 0
8 2.47 1.08 0
9 2.82 0.85 0
10 3.62 0.41 0
11 3.28 0.93 0
12 3.22 1.13 0
13 4 1 0
14 4.31 0.94 0
15 4.84 1.07 0
16 5.19 0.87 0
17 5.15 1.11 0
18 5.53 1.2 0
19 6.26 0.38 0
20 6.8 0.1 0
21 6.4 1.43 0
22 6.94 2.55 0
23 7.23 3.01 0
24 6.74 2.84 0
25 5.57 1.69 0
26 4.97 1.85 0
27 4.51 1.96 0
28 3.83 2.24 0
29 3.57 2.47 0
30 3.88 3.35 0
31 3.2 2.95 0
32 2.72 2.5 0
33 0.47 2.15 0.8
34 0.95 1.55 0.8
35 1.42 1.32 0.8
36 1.99 1.2 0.8
37 2.28 0.7 0.8
38 2.61 0.54 0.8
39 2.53 0.77 0.8
40 2.47 1.08 0.8
41 2.82 0.85 0.8
42 3.62 0.41 0.8
43 3.28 0.93 0.8
44 3.22 1.13 0.8
45 4 1 0.8
46 4.31 0.94 0.8
47 4.84 1.07 0.8
48 5.19 0.87 0.8
49 5.15 1.11 0.8
50 5.53 1.2 0.8
51 6.26 0.38 0.8
52 6.8 0.1 0.8
53 6.4 1.43 0.8
54 6.91 2.52 0.8
55 7.26 3.02 0.8
56 6.74 2.84 0.8
57 5.57 1.69 0.8
58 4.97 1.85 0.8
59 4.51 1.96 0.8
60 3.83 2.24 0.8
61 3.57 2.47 0.8
62 3.88 3.35 0.8
63 3.2 2.95 0.8
64 2.72 2.5 0.8
Faces:
1 2 3 4 5 6 7 8 9 10 11 12 13 14 15 16 17 18 19 20 21 22 23 24 25 26 27 28 29 30 31 32.
2 34 33 1.
3 35 34 2.
4 36 35 3.
5 37 36 4.
6 38 37 5.
7 39 38 6.
8 40 39 7.
9 41 40 8.
10 42 41 9.
11 43 42 10.
12 44 43 11.
13 45 44 12.
14 46 45 13
15 47 46 14.
16 48 47 15.
17 49 48 16.
18 50 49 17.
19 51 50 18.
20 52 51 19.
21 53 52 20.
22 54 53 21
23 55 54 22.
24 56 55 23.
25 57 56 24.
26 58 57 25.
27 59 58 26.
28 60 59 27.
29 61 60 28.
30 62 61 29.
31 63 62 30.
32 64 63 31.
1 33 64 32.
33 34 35 36 37 38 39 40 41 42 43 44 45 46 47 48 49 50 51 52 53 54 55 56 57 58 59 60 61 62 63 64.